   8.6602540e-01  -4.3301270e-01   2.1650635e-01  -1.0825318e-01   5.4126588e-02  -2.7063294e-02   1.3531647e-02  -6.7658235e-03   3.3829117e-03  -1.9531250e-03
   5.0000000e-01   7.5000000e-01  -3.7500000e-01   1.8750000e-01  -9.3750000e-02   4.6875000e-02  -2.3437500e-02   1.1718750e-02  -5.8593750e-03   3.3829117e-03
   0.0000000e+00   5.0000000e-01   7.5000000e-01  -3.7500000e-01   1.8750000e-01  -9.3750000e-02   4.6875000e-02  -2.3437500e-02   1.1718750e-02  -6.7658235e-03
   0.0000000e+00   0.0000000e+00   5.0000000e-01   7.5000000e-01  -3.7500000e-01   1.8750000e-01  -9.3750000e-02   4.6875000e-02  -2.3437500e-02   1.3531647e-02
   0.0000000e+00   0.0000000e+00   0.0000000e+00   5.0000000e-01   7.5000000e-01  -3.7500000e-01   1.8750000e-01  -9.3750000e-02   4.6875000e-02  -2.7063294e-02
   0.0000000e+00   0.0000000e+00   0.0000000e+00   0.0000000e+00   5.0000000e-01   7.5000000e-01  -3.7500000e-01   1.8750000e-01  -9.3750000e-02   5.4126588e-02
   0.0000000e+00   0.0000000e+00   0.0000000e+00   0.0000000e+00   0.0000000e+00   5.0000000e-01   7.5000000e-01  -3.7500000e-01   1.8750000e-01  -1.0825318e-01
   0.0000000e+00   0.0000000e+00   0.0000000e+00   0.0000000e+00   0.0000000e+00   0.0000000e+00   5.0000000e-01   7.5000000e-01  -3.7500000e-01   2.1650635e-01
   0.0000000e+00   0.0000000e+00   0.0000000e+00   0.0000000e+00   0.0000000e+00   0.0000000e+00   0.0000000e+00   5.0000000e-01   7.5000000e-01  -4.3301270e-01
   0.0000000e+00   0.0000000e+00   0.0000000e+00   0.0000000e+00   0.0000000e+00   0.0000000e+00   0.0000000e+00   0.0000000e+00   5.0000000e-01   8.6602540e-01
