   8.6602540e-01  -4.3301270e-01   2.1650635e-01  -1.0825318e-01   5.4126588e-02  -2.7063294e-02   1.3531647e-02  -6.7658235e-03   3.3829117e-03  -1.6914559e-03   8.4572793e-04  -4.2286397e-04   2.1143198e-04  -1.0571599e-04   5.2857996e-05  -2.6428998e-05   1.5258789e-05
   5.0000000e-01   7.5000000e-01  -3.7500000e-01   1.8750000e-01  -9.3750000e-02   4.6875000e-02  -2.3437500e-02   1.1718750e-02  -5.8593750e-03   2.9296875e-03  -1.4648437e-03   7.3242187e-04  -3.6621094e-04   1.8310547e-04  -9.1552734e-05   4.5776367e-05  -2.6428998e-05
   0.0000000e+00   5.0000000e-01   7.5000000e-01  -3.7500000e-01   1.8750000e-01  -9.3750000e-02   4.6875000e-02  -2.3437500e-02   1.1718750e-02  -5.8593750e-03   2.9296875e-03  -1.4648437e-03   7.3242187e-04  -3.6621094e-04   1.8310547e-04  -9.1552734e-05   5.2857996e-05
   0.0000000e+00   0.0000000e+00   5.0000000e-01   7.5000000e-01  -3.7500000e-01   1.8750000e-01  -9.3750000e-02   4.6875000e-02  -2.3437500e-02   1.1718750e-02  -5.8593750e-03   2.9296875e-03  -1.4648437e-03   7.3242187e-04  -3.6621094e-04   1.8310547e-04  -1.0571599e-04
   0.0000000e+00   0.0000000e+00   0.0000000e+00   5.0000000e-01   7.5000000e-01  -3.7500000e-01   1.8750000e-01  -9.3750000e-02   4.6875000e-02  -2.3437500e-02   1.1718750e-02  -5.8593750e-03   2.9296875e-03  -1.4648437e-03   7.3242187e-04  -3.6621094e-04   2.1143198e-04
   0.0000000e+00   0.0000000e+00   0.0000000e+00   0.0000000e+00   5.0000000e-01   7.5000000e-01  -3.7500000e-01   1.8750000e-01  -9.3750000e-02   4.6875000e-02  -2.3437500e-02   1.1718750e-02  -5.8593750e-03   2.9296875e-03  -1.4648437e-03   7.3242187e-04  -4.2286397e-04
   0.0000000e+00   0.0000000e+00   0.0000000e+00   0.0000000e+00   0.0000000e+00   5.0000000e-01   7.5000000e-01  -3.7500000e-01   1.8750000e-01  -9.3750000e-02   4.6875000e-02  -2.3437500e-02   1.1718750e-02  -5.8593750e-03   2.9296875e-03  -1.4648437e-03   8.4572793e-04
   0.0000000e+00   0.0000000e+00   0.0000000e+00   0.0000000e+00   0.0000000e+00   0.0000000e+00   5.0000000e-01   7.5000000e-01  -3.7500000e-01   1.8750000e-01  -9.3750000e-02   4.6875000e-02  -2.3437500e-02   1.1718750e-02  -5.8593750e-03   2.9296875e-03  -1.6914559e-03
   0.0000000e+00   0.0000000e+00   0.0000000e+00   0.0000000e+00   0.0000000e+00   0.0000000e+00   0.0000000e+00   5.0000000e-01   7.5000000e-01  -3.7500000e-01   1.8750000e-01  -9.3750000e-02   4.6875000e-02  -2.3437500e-02   1.1718750e-02  -5.8593750e-03   3.3829117e-03
   0.0000000e+00   0.0000000e+00   0.0000000e+00   0.0000000e+00   0.0000000e+00   0.0000000e+00   0.0000000e+00   0.0000000e+00   5.0000000e-01   7.5000000e-01  -3.7500000e-01   1.8750000e-01  -9.3750000e-02   4.6875000e-02  -2.3437500e-02   1.1718750e-02  -6.7658235e-03
   0.0000000e+00   0.0000000e+00   0.0000000e+00   0.0000000e+00   0.0000000e+00   0.0000000e+00   0.0000000e+00   0.0000000e+00   0.0000000e+00   5.0000000e-01   7.5000000e-01  -3.7500000e-01   1.8750000e-01  -9.3750000e-02   4.6875000e-02  -2.3437500e-02   1.3531647e-02
   0.0000000e+00   0.0000000e+00   0.0000000e+00   0.0000000e+00   0.0000000e+00   0.0000000e+00   0.0000000e+00   0.0000000e+00   0.0000000e+00   0.0000000e+00   5.0000000e-01   7.5000000e-01  -3.7500000e-01   1.8750000e-01  -9.3750000e-02   4.6875000e-02  -2.7063294e-02
   0.0000000e+00   0.0000000e+00   0.0000000e+00   0.0000000e+00   0.0000000e+00   0.0000000e+00   0.0000000e+00   0.0000000e+00   0.0000000e+00   0.0000000e+00   0.0000000e+00   5.0000000e-01   7.5000000e-01  -3.7500000e-01   1.8750000e-01  -9.3750000e-02   5.4126588e-02
   0.0000000e+00   0.0000000e+00   0.0000000e+00   0.0000000e+00   0.0000000e+00   0.0000000e+00   0.0000000e+00   0.0000000e+00   0.0000000e+00   0.0000000e+00   0.0000000e+00   0.0000000e+00   5.0000000e-01   7.5000000e-01  -3.7500000e-01   1.8750000e-01  -1.0825318e-01
   0.0000000e+00   0.0000000e+00   0.0000000e+00   0.0000000e+00   0.0000000e+00   0.0000000e+00   0.0000000e+00   0.0000000e+00   0.0000000e+00   0.0000000e+00   0.0000000e+00   0.0000000e+00   0.0000000e+00   5.0000000e-01   7.5000000e-01  -3.7500000e-01   2.1650635e-01
   0.0000000e+00   0.0000000e+00   0.0000000e+00   0.0000000e+00   0.0000000e+00   0.0000000e+00   0.0000000e+00   0.0000000e+00   0.0000000e+00   0.0000000e+00   0.0000000e+00   0.0000000e+00   0.0000000e+00   0.0000000e+00   5.0000000e-01   7.5000000e-01  -4.3301270e-01
   0.0000000e+00   0.0000000e+00   0.0000000e+00   0.0000000e+00   0.0000000e+00   0.0000000e+00   0.0000000e+00   0.0000000e+00   0.0000000e+00   0.0000000e+00   0.0000000e+00   0.0000000e+00   0.0000000e+00   0.0000000e+00   0.0000000e+00   5.0000000e-01   8.6602540e-01
