   8.6602540e-01  -4.3301270e-01   2.1650635e-01  -1.0825318e-01   5.4126588e-02  -2.7063294e-02   1.3531647e-02  -6.7658235e-03   3.3829117e-03  -1.6914559e-03   8.4572793e-04  -4.2286397e-04   2.1143198e-04  -1.0571599e-04   5.2857996e-05  -2.6428998e-05   1.3214499e-05  -6.6072495e-06   3.3036247e-06  -1.6518124e-06   8.2590618e-07  -4.1295309e-07   2.0647655e-07  -1.0323827e-07   5.1619137e-08  -2.5809568e-08   1.2904784e-08  -6.4523921e-09   3.2261960e-09  -1.8626451e-09
   5.0000000e-01   7.5000000e-01  -3.7500000e-01   1.8750000e-01  -9.3750000e-02   4.6875000e-02  -2.3437500e-02   1.1718750e-02  -5.8593750e-03   2.9296875e-03  -1.4648437e-03   7.3242187e-04  -3.6621094e-04   1.8310547e-04  -9.1552734e-05   4.5776367e-05  -2.2888184e-05   1.1444092e-05  -5.7220459e-06   2.8610229e-06  -1.4305115e-06   7.1525574e-07  -3.5762787e-07   1.7881393e-07  -8.9406967e-08   4.4703484e-08  -2.2351742e-08   1.1175871e-08  -5.5879354e-09   3.2261960e-09
   0.0000000e+00   5.0000000e-01   7.5000000e-01  -3.7500000e-01   1.8750000e-01  -9.3750000e-02   4.6875000e-02  -2.3437500e-02   1.1718750e-02  -5.8593750e-03   2.9296875e-03  -1.4648437e-03   7.3242187e-04  -3.6621094e-04   1.8310547e-04  -9.1552734e-05   4.5776367e-05  -2.2888184e-05   1.1444092e-05  -5.7220459e-06   2.8610229e-06  -1.4305115e-06   7.1525574e-07  -3.5762787e-07   1.7881393e-07  -8.9406967e-08   4.4703484e-08  -2.2351742e-08   1.1175871e-08  -6.4523921e-09
   0.0000000e+00   0.0000000e+00   5.0000000e-01   7.5000000e-01  -3.7500000e-01   1.8750000e-01  -9.3750000e-02   4.6875000e-02  -2.3437500e-02   1.1718750e-02  -5.8593750e-03   2.9296875e-03  -1.4648437e-03   7.3242187e-04  -3.6621094e-04   1.8310547e-04  -9.1552734e-05   4.5776367e-05  -2.2888184e-05   1.1444092e-05  -5.7220459e-06   2.8610229e-06  -1.4305115e-06   7.1525574e-07  -3.5762787e-07   1.7881393e-07  -8.9406967e-08   4.4703484e-08  -2.2351742e-08   1.2904784e-08
   0.0000000e+00   0.0000000e+00   0.0000000e+00   5.0000000e-01   7.5000000e-01  -3.7500000e-01   1.8750000e-01  -9.3750000e-02   4.6875000e-02  -2.3437500e-02   1.1718750e-02  -5.8593750e-03   2.9296875e-03  -1.4648437e-03   7.3242187e-04  -3.6621094e-04   1.8310547e-04  -9.1552734e-05   4.5776367e-05  -2.2888184e-05   1.1444092e-05  -5.7220459e-06   2.8610229e-06  -1.4305115e-06   7.1525574e-07  -3.5762787e-07   1.7881393e-07  -8.9406967e-08   4.4703484e-08  -2.5809568e-08
   0.0000000e+00   0.0000000e+00   0.0000000e+00   0.0000000e+00   5.0000000e-01   7.5000000e-01  -3.7500000e-01   1.8750000e-01  -9.3750000e-02   4.6875000e-02  -2.3437500e-02   1.1718750e-02  -5.8593750e-03   2.9296875e-03  -1.4648437e-03   7.3242187e-04  -3.6621094e-04   1.8310547e-04  -9.1552734e-05   4.5776367e-05  -2.2888184e-05   1.1444092e-05  -5.7220459e-06   2.8610229e-06  -1.4305115e-06   7.1525574e-07  -3.5762787e-07   1.7881393e-07  -8.9406967e-08   5.1619137e-08
   0.0000000e+00   0.0000000e+00   0.0000000e+00   0.0000000e+00   0.0000000e+00   5.0000000e-01   7.5000000e-01  -3.7500000e-01   1.8750000e-01  -9.3750000e-02   4.6875000e-02  -2.3437500e-02   1.1718750e-02  -5.8593750e-03   2.9296875e-03  -1.4648437e-03   7.3242187e-04  -3.6621094e-04   1.8310547e-04  -9.1552734e-05   4.5776367e-05  -2.2888184e-05   1.1444092e-05  -5.7220459e-06   2.8610229e-06  -1.4305115e-06   7.1525574e-07  -3.5762787e-07   1.7881393e-07  -1.0323827e-07
   0.0000000e+00   0.0000000e+00   0.0000000e+00   0.0000000e+00   0.0000000e+00   0.0000000e+00   5.0000000e-01   7.5000000e-01  -3.7500000e-01   1.8750000e-01  -9.3750000e-02   4.6875000e-02  -2.3437500e-02   1.1718750e-02  -5.8593750e-03   2.9296875e-03  -1.4648437e-03   7.3242187e-04  -3.6621094e-04   1.8310547e-04  -9.1552734e-05   4.5776367e-05  -2.2888184e-05   1.1444092e-05  -5.7220459e-06   2.8610229e-06  -1.4305115e-06   7.1525574e-07  -3.5762787e-07   2.0647655e-07
   0.0000000e+00   0.0000000e+00   0.0000000e+00   0.0000000e+00   0.0000000e+00   0.0000000e+00   0.0000000e+00   5.0000000e-01   7.5000000e-01  -3.7500000e-01   1.8750000e-01  -9.3750000e-02   4.6875000e-02  -2.3437500e-02   1.1718750e-02  -5.8593750e-03   2.9296875e-03  -1.4648437e-03   7.3242187e-04  -3.6621094e-04   1.8310547e-04  -9.1552734e-05   4.5776367e-05  -2.2888184e-05   1.1444092e-05  -5.7220459e-06   2.8610229e-06  -1.4305115e-06   7.1525574e-07  -4.1295309e-07
   0.0000000e+00   0.0000000e+00   0.0000000e+00   0.0000000e+00   0.0000000e+00   0.0000000e+00   0.0000000e+00   0.0000000e+00   5.0000000e-01   7.5000000e-01  -3.7500000e-01   1.8750000e-01  -9.3750000e-02   4.6875000e-02  -2.3437500e-02   1.1718750e-02  -5.8593750e-03   2.9296875e-03  -1.4648437e-03   7.3242187e-04  -3.6621094e-04   1.8310547e-04  -9.1552734e-05   4.5776367e-05  -2.2888184e-05   1.1444092e-05  -5.7220459e-06   2.8610229e-06  -1.4305115e-06   8.2590618e-07
   0.0000000e+00   0.0000000e+00   0.0000000e+00   0.0000000e+00   0.0000000e+00   0.0000000e+00   0.0000000e+00   0.0000000e+00   0.0000000e+00   5.0000000e-01   7.5000000e-01  -3.7500000e-01   1.8750000e-01  -9.3750000e-02   4.6875000e-02  -2.3437500e-02   1.1718750e-02  -5.8593750e-03   2.9296875e-03  -1.4648437e-03   7.3242187e-04  -3.6621094e-04   1.8310547e-04  -9.1552734e-05   4.5776367e-05  -2.2888184e-05   1.1444092e-05  -5.7220459e-06   2.8610229e-06  -1.6518124e-06
   0.0000000e+00   0.0000000e+00   0.0000000e+00   0.0000000e+00   0.0000000e+00   0.0000000e+00   0.0000000e+00   0.0000000e+00   0.0000000e+00   0.0000000e+00   5.0000000e-01   7.5000000e-01  -3.7500000e-01   1.8750000e-01  -9.3750000e-02   4.6875000e-02  -2.3437500e-02   1.1718750e-02  -5.8593750e-03   2.9296875e-03  -1.4648437e-03   7.3242187e-04  -3.6621094e-04   1.8310547e-04  -9.1552734e-05   4.5776367e-05  -2.2888184e-05   1.1444092e-05  -5.7220459e-06   3.3036247e-06
   0.0000000e+00   0.0000000e+00   0.0000000e+00   0.0000000e+00   0.0000000e+00   0.0000000e+00   0.0000000e+00   0.0000000e+00   0.0000000e+00   0.0000000e+00   0.0000000e+00   5.0000000e-01   7.5000000e-01  -3.7500000e-01   1.8750000e-01  -9.3750000e-02   4.6875000e-02  -2.3437500e-02   1.1718750e-02  -5.8593750e-03   2.9296875e-03  -1.4648437e-03   7.3242187e-04  -3.6621094e-04   1.8310547e-04  -9.1552734e-05   4.5776367e-05  -2.2888184e-05   1.1444092e-05  -6.6072495e-06
   0.0000000e+00   0.0000000e+00   0.0000000e+00   0.0000000e+00   0.0000000e+00   0.0000000e+00   0.0000000e+00   0.0000000e+00   0.0000000e+00   0.0000000e+00   0.0000000e+00   0.0000000e+00   5.0000000e-01   7.5000000e-01  -3.7500000e-01   1.8750000e-01  -9.3750000e-02   4.6875000e-02  -2.3437500e-02   1.1718750e-02  -5.8593750e-03   2.9296875e-03  -1.4648437e-03   7.3242187e-04  -3.6621094e-04   1.8310547e-04  -9.1552734e-05   4.5776367e-05  -2.2888184e-05   1.3214499e-05
   0.0000000e+00   0.0000000e+00   0.0000000e+00   0.0000000e+00   0.0000000e+00   0.0000000e+00   0.0000000e+00   0.0000000e+00   0.0000000e+00   0.0000000e+00   0.0000000e+00   0.0000000e+00   0.0000000e+00   5.0000000e-01   7.5000000e-01  -3.7500000e-01   1.8750000e-01  -9.3750000e-02   4.6875000e-02  -2.3437500e-02   1.1718750e-02  -5.8593750e-03   2.9296875e-03  -1.4648437e-03   7.3242187e-04  -3.6621094e-04   1.8310547e-04  -9.1552734e-05   4.5776367e-05  -2.6428998e-05
   0.0000000e+00   0.0000000e+00   0.0000000e+00   0.0000000e+00   0.0000000e+00   0.0000000e+00   0.0000000e+00   0.0000000e+00   0.0000000e+00   0.0000000e+00   0.0000000e+00   0.0000000e+00   0.0000000e+00   0.0000000e+00   5.0000000e-01   7.5000000e-01  -3.7500000e-01   1.8750000e-01  -9.3750000e-02   4.6875000e-02  -2.3437500e-02   1.1718750e-02  -5.8593750e-03   2.9296875e-03  -1.4648437e-03   7.3242187e-04  -3.6621094e-04   1.8310547e-04  -9.1552734e-05   5.2857996e-05
   0.0000000e+00   0.0000000e+00   0.0000000e+00   0.0000000e+00   0.0000000e+00   0.0000000e+00   0.0000000e+00   0.0000000e+00   0.0000000e+00   0.0000000e+00   0.0000000e+00   0.0000000e+00   0.0000000e+00   0.0000000e+00   0.0000000e+00   5.0000000e-01   7.5000000e-01  -3.7500000e-01   1.8750000e-01  -9.3750000e-02   4.6875000e-02  -2.3437500e-02   1.1718750e-02  -5.8593750e-03   2.9296875e-03  -1.4648437e-03   7.3242187e-04  -3.6621094e-04   1.8310547e-04  -1.0571599e-04
   0.0000000e+00   0.0000000e+00   0.0000000e+00   0.0000000e+00   0.0000000e+00   0.0000000e+00   0.0000000e+00   0.0000000e+00   0.0000000e+00   0.0000000e+00   0.0000000e+00   0.0000000e+00   0.0000000e+00   0.0000000e+00   0.0000000e+00   0.0000000e+00   5.0000000e-01   7.5000000e-01  -3.7500000e-01   1.8750000e-01  -9.3750000e-02   4.6875000e-02  -2.3437500e-02   1.1718750e-02  -5.8593750e-03   2.9296875e-03  -1.4648437e-03   7.3242187e-04  -3.6621094e-04   2.1143198e-04
   0.0000000e+00   0.0000000e+00   0.0000000e+00   0.0000000e+00   0.0000000e+00   0.0000000e+00   0.0000000e+00   0.0000000e+00   0.0000000e+00   0.0000000e+00   0.0000000e+00   0.0000000e+00   0.0000000e+00   0.0000000e+00   0.0000000e+00   0.0000000e+00   0.0000000e+00   5.0000000e-01   7.5000000e-01  -3.7500000e-01   1.8750000e-01  -9.3750000e-02   4.6875000e-02  -2.3437500e-02   1.1718750e-02  -5.8593750e-03   2.9296875e-03  -1.4648437e-03   7.3242187e-04  -4.2286397e-04
   0.0000000e+00   0.0000000e+00   0.0000000e+00   0.0000000e+00   0.0000000e+00   0.0000000e+00   0.0000000e+00   0.0000000e+00   0.0000000e+00   0.0000000e+00   0.0000000e+00   0.0000000e+00   0.0000000e+00   0.0000000e+00   0.0000000e+00   0.0000000e+00   0.0000000e+00   0.0000000e+00   5.0000000e-01   7.5000000e-01  -3.7500000e-01   1.8750000e-01  -9.3750000e-02   4.6875000e-02  -2.3437500e-02   1.1718750e-02  -5.8593750e-03   2.9296875e-03  -1.4648437e-03   8.4572793e-04
   0.0000000e+00   0.0000000e+00   0.0000000e+00   0.0000000e+00   0.0000000e+00   0.0000000e+00   0.0000000e+00   0.0000000e+00   0.0000000e+00   0.0000000e+00   0.0000000e+00   0.0000000e+00   0.0000000e+00   0.0000000e+00   0.0000000e+00   0.0000000e+00   0.0000000e+00   0.0000000e+00   0.0000000e+00   5.0000000e-01   7.5000000e-01  -3.7500000e-01   1.8750000e-01  -9.3750000e-02   4.6875000e-02  -2.3437500e-02   1.1718750e-02  -5.8593750e-03   2.9296875e-03  -1.6914559e-03
   0.0000000e+00   0.0000000e+00   0.0000000e+00   0.0000000e+00   0.0000000e+00   0.0000000e+00   0.0000000e+00   0.0000000e+00   0.0000000e+00   0.0000000e+00   0.0000000e+00   0.0000000e+00   0.0000000e+00   0.0000000e+00   0.0000000e+00   0.0000000e+00   0.0000000e+00   0.0000000e+00   0.0000000e+00   0.0000000e+00   5.0000000e-01   7.5000000e-01  -3.7500000e-01   1.8750000e-01  -9.3750000e-02   4.6875000e-02  -2.3437500e-02   1.1718750e-02  -5.8593750e-03   3.3829117e-03
   0.0000000e+00   0.0000000e+00   0.0000000e+00   0.0000000e+00   0.0000000e+00   0.0000000e+00   0.0000000e+00   0.0000000e+00   0.0000000e+00   0.0000000e+00   0.0000000e+00   0.0000000e+00   0.0000000e+00   0.0000000e+00   0.0000000e+00   0.0000000e+00   0.0000000e+00   0.0000000e+00   0.0000000e+00   0.0000000e+00   0.0000000e+00   5.0000000e-01   7.5000000e-01  -3.7500000e-01   1.8750000e-01  -9.3750000e-02   4.6875000e-02  -2.3437500e-02   1.1718750e-02  -6.7658235e-03
   0.0000000e+00   0.0000000e+00   0.0000000e+00   0.0000000e+00   0.0000000e+00   0.0000000e+00   0.0000000e+00   0.0000000e+00   0.0000000e+00   0.0000000e+00   0.0000000e+00   0.0000000e+00   0.0000000e+00   0.0000000e+00   0.0000000e+00   0.0000000e+00   0.0000000e+00   0.0000000e+00   0.0000000e+00   0.0000000e+00   0.0000000e+00   0.0000000e+00   5.0000000e-01   7.5000000e-01  -3.7500000e-01   1.8750000e-01  -9.3750000e-02   4.6875000e-02  -2.3437500e-02   1.3531647e-02
   0.0000000e+00   0.0000000e+00   0.0000000e+00   0.0000000e+00   0.0000000e+00   0.0000000e+00   0.0000000e+00   0.0000000e+00   0.0000000e+00   0.0000000e+00   0.0000000e+00   0.0000000e+00   0.0000000e+00   0.0000000e+00   0.0000000e+00   0.0000000e+00   0.0000000e+00   0.0000000e+00   0.0000000e+00   0.0000000e+00   0.0000000e+00   0.0000000e+00   0.0000000e+00   5.0000000e-01   7.5000000e-01  -3.7500000e-01   1.8750000e-01  -9.3750000e-02   4.6875000e-02  -2.7063294e-02
   0.0000000e+00   0.0000000e+00   0.0000000e+00   0.0000000e+00   0.0000000e+00   0.0000000e+00   0.0000000e+00   0.0000000e+00   0.0000000e+00   0.0000000e+00   0.0000000e+00   0.0000000e+00   0.0000000e+00   0.0000000e+00   0.0000000e+00   0.0000000e+00   0.0000000e+00   0.0000000e+00   0.0000000e+00   0.0000000e+00   0.0000000e+00   0.0000000e+00   0.0000000e+00   0.0000000e+00   5.0000000e-01   7.5000000e-01  -3.7500000e-01   1.8750000e-01  -9.3750000e-02   5.4126588e-02
   0.0000000e+00   0.0000000e+00   0.0000000e+00   0.0000000e+00   0.0000000e+00   0.0000000e+00   0.0000000e+00   0.0000000e+00   0.0000000e+00   0.0000000e+00   0.0000000e+00   0.0000000e+00   0.0000000e+00   0.0000000e+00   0.0000000e+00   0.0000000e+00   0.0000000e+00   0.0000000e+00   0.0000000e+00   0.0000000e+00   0.0000000e+00   0.0000000e+00   0.0000000e+00   0.0000000e+00   0.0000000e+00   5.0000000e-01   7.5000000e-01  -3.7500000e-01   1.8750000e-01  -1.0825318e-01
   0.0000000e+00   0.0000000e+00   0.0000000e+00   0.0000000e+00   0.0000000e+00   0.0000000e+00   0.0000000e+00   0.0000000e+00   0.0000000e+00   0.0000000e+00   0.0000000e+00   0.0000000e+00   0.0000000e+00   0.0000000e+00   0.0000000e+00   0.0000000e+00   0.0000000e+00   0.0000000e+00   0.0000000e+00   0.0000000e+00   0.0000000e+00   0.0000000e+00   0.0000000e+00   0.0000000e+00   0.0000000e+00   0.0000000e+00   5.0000000e-01   7.5000000e-01  -3.7500000e-01   2.1650635e-01
   0.0000000e+00   0.0000000e+00   0.0000000e+00   0.0000000e+00   0.0000000e+00   0.0000000e+00   0.0000000e+00   0.0000000e+00   0.0000000e+00   0.0000000e+00   0.0000000e+00   0.0000000e+00   0.0000000e+00   0.0000000e+00   0.0000000e+00   0.0000000e+00   0.0000000e+00   0.0000000e+00   0.0000000e+00   0.0000000e+00   0.0000000e+00   0.0000000e+00   0.0000000e+00   0.0000000e+00   0.0000000e+00   0.0000000e+00   0.0000000e+00   5.0000000e-01   7.5000000e-01  -4.3301270e-01
   0.0000000e+00   0.0000000e+00   0.0000000e+00   0.0000000e+00   0.0000000e+00   0.0000000e+00   0.0000000e+00   0.0000000e+00   0.0000000e+00   0.0000000e+00   0.0000000e+00   0.0000000e+00   0.0000000e+00   0.0000000e+00   0.0000000e+00   0.0000000e+00   0.0000000e+00   0.0000000e+00   0.0000000e+00   0.0000000e+00   0.0000000e+00   0.0000000e+00   0.0000000e+00   0.0000000e+00   0.0000000e+00   0.0000000e+00   0.0000000e+00   0.0000000e+00   5.0000000e-01   8.6602540e-01
